000001 6
000002 3
000003 5
000004 5
000005 1
000006 3
000007 4
000008 7
000009 1
000010 1
000011 4
000012 1
000013 7
000014 8
000015 8
000016 6
000017 10
000018 2
000019 4
000020 7
000021 3
000022 3
000023 2
000024 5
000025 8
000026 7
000027 2
000028 1
000029 1
000030 6
000031 9
000032 1
000033 7
000034 3
000035 7
000036 4
000037 8
000038 4
000039 5
000040 10
000041 3
000042 4
000043 5
000044 10
000045 6
000046 7
000047 5
000048 7
000049 1
000050 1
000051 4
000052 9
000053 4
000054 4
000055 8
000056 4
000057 2
000058 7
000059 -1
000060 3
000061 6
000062 1
000063 4
000064 8
000065 3
000066 1
000067 4
000068 9
000069 1
000070 4
000071 -1
000072 3
000073 1
000074 -1
000075 9
000076 2
000077 7
000078 9
000079 7
000080 7
000081 10
000082 9
000083 6
000084 6
000085 1
000086 7
000087 3
000088 9
000089 2
000090 1
000091 9
000092 4
000093 9
000094 3
000095 8
000096 8
000097 7
000098 2
000099 6
000100 1
000101 5
000102 9
000103 1
000104 6
000105 4
000106 8
000107 -1
000108 -1
000109 1
000110 5
000111 7
000112 -1
000113 6
000114 8
000115 2
000116 4
000117 1
000118 8
000119 9
000120 10
000121 1
000122 3
000123 3
000124 5
000125 2
000126 9
000127 7
000128 8
000129 4
000130 6
000131 9
000132 8
000133 -1
000134 5
000135 -1
000136 8
000137 10
000138 1
000139 2
000140 8
000141 6
000142 5
000143 9
000144 4
000145 7
000146 4
000147 4
000148 5
000149 4
000150 5
000151 7
000152 8
000153 7
000154 -1
000155 8
000156 4
000157 5
000158 9
000159 3
000160 8
000161 4
000162 9
000163 6
000164 9
000165 2
000166 1
000167 9
000168 10
000169 4
000170 10
000171 10
000172 1
000173 4
000174 4
000175 8
000176 -1
000177 8
000178 6
000179 9
000180 1
000181 9
000182 4
000183 7
000184 10
000185 4
000186 1
000187 8
000188 1
000189 1
000190 4
000191 1
000192 -1
000193 8
000194 10
000195 9
000196 8
000197 3
000198 3
000199 9
000200 5
000201 3
000202 2
000203 -1
000204 1
000205 10
000206 8
000207 4
000208 1
000209 5
000210 10
000211 8
000212 5
000213 8
000214 5
000215 7
000216 8
000217 1
000218 1
000219 -1
000220 -1
000221 7
000222 4
000223 7
000224 1
000225 8
000226 2
000227 10
000228 7
000229 -1
000230 7
000231 8
000232 4
000233 7
000234 3
000235 4
000236 9
000237 7
000238 2
000239 7
000240 9
000241 3
000242 10
000243 7
000244 1
000245 8
000246 -1
000247 7
000248 1
000249 -1
000250 1
000251 6
000252 1
000253 9
000254 6
000255 2
000256 5
000257 6
000258 8
000259 9
000260 5
000261 5
000262 4
000263 5
000264 10
000265 8
000266 1
000267 4
000268 4
000269 1
000270 8
000271 7
000272 6
000273 9
000274 7
000275 7
000276 3
000277 10
000278 9
000279 1
000280 4
000281 4
000282 7
000283 6
000284 2
000285 1
000286 4
000287 5
000288 6
000289 1
000290 4
000291 4
000292 1
000293 6
000294 3
000295 10
000296 7
000297 9
000298 4
000299 1
000300 -1
000301 9
000302 7
000303 7
000304 -1
000305 4
000306 3
000307 6
000308 5
000309 1
000310 1
000311 4
000312 7
000313 7
000314 -1
000315 1
000316 9
000317 5
000318 9
000319 6
000320 3
000321 4
000322 7
000323 1
000324 5
000325 7
000326 5
000327 9
000328 9
000329 3
000330 7
000331 8
000332 8
000333 3
000334 9
000335 7
000336 1
000337 6
000338 -1
000339 -1
000340 3
000341 -1
000342 6
000343 5
000344 8
000345 5
000346 7
000347 4
000348 -1
000349 8
000350 3
000351 6
000352 9
000353 4
000354 1
000355 1
000356 -1
000357 7
000358 5
000359 5
000360 10
000361 9
000362 4
000363 5
000364 4
000365 10
000366 7
000367 3
000368 1
000369 9
000370 9
000371 4
000372 4
000373 8
000374 9
000375 6
000376 4
000377 2
000378 3
000379 5
000380 1
000381 4
000382 1
000383 5
000384 3
000385 -1
000386 7
000387 -1
000388 8
000389 8
000390 2
000391 -1
000392 -1
000393 9
000394 9
000395 4
000396 2
000397 7
000398 3
000399 5
000400 4
000401 9
000402 8
000403 10
000404 2
000405 4
000406 7
000407 2
000408 9
000409 2
000410 -1
000411 6
000412 6
000413 -1
000414 3
000415 3
000416 5
000417 2
000418 7
000419 -1
000420 1
000421 3
000422 9
000423 7
000424 1
000425 3
000426 4
000427 4
000428 3
000429 3
000430 -1
000431 9
000432 5
000433 6
000434 3
000435 4
000436 6
000437 10
000438 2
000439 5
000440 4
000441 7
000442 2
000443 7
000444 9
000445 7
000446 2
000447 9
000448 9
000449 4
000450 -1
000451 4
000452 5
000453 2
000454 3
000455 4
000456 8
000457 4
000458 9
000459 9
000460 1
000461 7
000462 -1
000463 9
000464 4
000465 7
000466 -1
000467 3
000468 9
000469 2
000470 6
000471 -1
000472 4
000473 -1
000474 2
000475 -1
000476 2
000477 3
000478 6
000479 4
000480 4
000481 -1
000482 3
000483 10
000484 3
000485 10
000486 8
000487 10
000488 1
000489 6
000490 3
000491 1
000492 4
000493 6
000494 5
000495 5
000496 8
000497 7
000498 5
000499 9
000500 4